11 11 11 11 11 11 11 11 10 10 10 10 10 10 10 10 10 10 10 10 10 10 10 10 10 14 10 10 10 10 10 10
11 12 12 12 12 12 12 11 10 10 10 10 10 10 10 10 10 10 10 10 10 10 10 10 10 10 10 10 17 18 10 10
11 12 12 12 12 12 12 11 10 10 10 10 10 14 10 10 10 10 10 10 10 10 10 10 10 10 10 10 18 18 10 10
11 12 12 12 12 12 12 11 10 14 10 22 23 23 23 23 23 23 24 10 10 10 10 10 10 10 10 10 10 10 14 10
11 12 12 12 12 12 12 11 10 10 22 29 19 19 19 19 19 19 21 24 10 10 10 17 18 10 10 10 10 10 10 10
11 12 12 12 12 12 12 11 10 10 32 19 19 20 19 19 19 19 19 21 24 10 10 18 18 10 10 10 10 10 10 10
11 12 12 12 12 12 12 11 10 10 32 19 19 19 19 19 19 19 20 19 25 10 10 10 10 10 10 14 10 10 10 10
11 11 11 12 12 11 11 11 10 10 28 27 30 19 19 19 19 19 19 19 25 10 10 10 14 10 10 10 10 10 10 10
10 10 14 45 47 10 10 10 10 10 10 10 28 30 19 19 19 19 19 19 25 10 10 10 10 10 10 10 10 10 10 10
10 10 10 40 42 14 10 14 10 10 10 10 10 28 30 19 20 19 19 19 25 10 14 10 10 10 10 10 10 10 10 10
10 10 10 40 49 46 46 46 46 46 46 47 10 10 28 30 19 19 19 31 26 10 10 10 10 10 10 10 10 10 10 10
10 10 10 40 52 38 38 38 38 38 38 54 47 10 10 28 27 27 27 26 10 10 10 10 10 10 10 10 10 10 10 10
10 10 10 40 42 14 10 10 10 10 14 37 54 47 10 10 10 10 10 17 18 10 10 10 10 10 10 10 10 10 10 10
10 10 10 40 42 10 17 18 10 10 10 10 37 54 47 10 10 10 10 18 18 10 10 10 10 10 14 10 10 10 10 10
10 10 10 40 42 10 18 18 33 10 10 10 10 37 54 47 10 10 10 10 10 10 10 10 10 10 10 10 10 10 10 10
10 14 10 40 42 10 10 10 10 10 10 10 10 10 37 54 47 10 10 10 10 10 10 10 10 10 10 10 10 10 10 10
10 10 10 40 42 10 10 14 10 10 10 10 10 10 10 37 54 47 10 10 10 10 10 10 17 18 10 10 10 10 10 10
10 10 10 40 42 10 10 10 10 10 10 10 10 10 10 10 37 54 47 10 10 10 10 10 18 18 10 10 10 10 14 10
10 10 10 40 42 10 10 10 10 10 10 10 10 10 10 10 10 37 54 47 10 10 10 10 10 10 10 10 10 10 10 10
10 10 10 40 42 10 10 10 10 10 10 10 10 10 10 10 10 10 37 54 47 14 10 10 10 10 10 10 14 10 10 10
10 10 10 40 42 10 14 10 10 10 14 10 10 10 10 10 14 10 10 37 54 47 10 10 10 10 10 10 10 10 10 10
10 10 10 40 42 10 10 10 10 10 10 10 10 10 10 10 10 10 10 10 37 54 47 10 10 10 10 10 10 10 10 10
10 10 10 40 42 10 10 10 10 10 10 10 10 10 10 10 10 10 10 10 10 37 54 47 10 10 10 10 10 10 15 15
10 10 10 37 43 10 10 10 10 10 10 17 18 10 10 10 10 10 10 10 14 10 37 43 10 10 10 10 15 15 15 15
10 10 10 10 10 14 10 10 10 10 10 18 18 10 10 10 10 10 10 10 10 10 10 10 10 10 10 15 15 15 15 15
16 10 10 10 10 10 10 10 10 10 10 10 10 10 10 10 10 10 10 10 10 10 10 10 10 10 15 15 15 15 15 15
16 16 16 10 10 10 10 10 10 10 10 10 10 10 10 10 10 14 10 10 10 10 10 10 10 10 15 15 15 15 15 15
16 16 16 16 16 16 10 10 10 10 10 10 10 10 10 10 10 10 10 10 10 10 10 10 10 15 15 15 15 15 15 15
16 16 16 16 16 16 16 16 10 10 10 10 10 10 10 10 10 10 10 10 10 10 10 10 15 15 15 15 15 15 15 15
16 16 16 16 16 16 16 16 16 10 10 10 10 10 10 10 10 10 10 10 10 10 10 10 15 15 15 15 15 15 15 15
16 16 16 16 16 16 16 16 16 16 10 10 10 10 10 10 10 10 10 10 14 10 10 14 15 15 15 15 15 15 15 15
16 16 16 16 16 16 16 16 16 16 10 10 10 10 10 10 10 10 10 10 10 10 10 15 15 15 15 15 15 15 15 15